
bm-01:

     SD NVAR LM_SUBSETS    LEAPS  LEAPS1
1  0.05   20     0.0210   0.0088  0.0042
2  0.05   25     0.0112   0.0718  0.0326
3  0.05   30     0.0266   0.8292  0.4744
4  0.05   35     0.0674  12.3088  5.0842
5  0.05   40     0.3134 172.6132 82.5664
6  0.10   20     0.0070   0.0078  0.0044
7  0.10   25     0.0104   0.0640  0.0312
8  0.10   30     0.0266   0.9698  0.4572
9  0.10   35     0.0678   9.9124  4.7920
10 0.10   40     0.3336 208.9978 93.1006
11 0.50   20     0.0070   0.0086  0.0042
12 0.50   25     0.0108   0.0806  0.0312
13 0.50   30     0.0262   0.9946  0.4616
14 0.50   35     0.0680  12.7512  4.9946
15 0.50   40     0.3118 204.8344 82.7104
16 1.00   20     0.0070   0.0084  0.0044
17 1.00   25     0.0106   0.0696  0.0332
18 1.00   30     0.0258   0.9712  0.4612
19 1.00   35     0.0658  13.0662  4.5598
20 1.00   40     0.2766 171.4990 62.9780
21 5.00   20     0.0072   0.0080  0.0038
22 5.00   25     0.0102   0.0580  0.0190
23 5.00   30     0.0206   0.5880  0.1982
24 5.00   35     0.0528   6.9512  2.4548
25 5.00   40     0.1934 117.8592 30.2524


bm-02:

    IC   SD NVAR LM_SELECT  BESTGLM BESTGLM1
1  AIC 0.05   20    0.0224   0.0218   0.0170
2  AIC 0.05   25    0.0072   0.0824   0.0460
3  AIC 0.05   30    0.0086   0.8360   0.4888
4  AIC 0.05   35    0.0100  12.2890   5.0896
5  AIC 0.05   40    0.0116 173.7768  83.1328
6  AIC 0.10   20    0.0064   0.0204   0.0172
7  AIC 0.10   25    0.0072   0.0746   0.0454
8  AIC 0.10   30    0.0086   0.9770   0.4750
9  AIC 0.10   35    0.0100   9.8738   4.7830
10 AIC 0.10   40    0.0116 209.6228  94.0938
11 AIC 0.50   20    0.0062   0.0212   0.0168
12 AIC 0.50   25    0.0076   0.0924   0.0452
13 AIC 0.50   30    0.0090   1.0044   0.4746
14 AIC 0.50   35    0.0104  12.7174   5.0170
15 AIC 0.50   40    0.0118 205.2822  83.2294
16 AIC 1.00   20    0.0064   0.0212   0.0172
17 AIC 1.00   25    0.0072   0.0808   0.0466
18 AIC 1.00   30    0.0088   0.9736   0.4736
19 AIC 1.00   35    0.0102  13.0370   4.5686
20 AIC 1.00   40    0.0116 172.3100  63.4566
21 AIC 5.00   20    0.0060   0.0208   0.0162
22 AIC 5.00   25    0.0074   0.0696   0.0332
23 AIC 5.00   30    0.0084   0.5988   0.2122
24 AIC 5.00   35    0.0100   7.0106   2.4880
25 AIC 5.00   40    0.0120 118.5462  30.3490
26 BIC 0.05   20    0.0062   0.0208   0.0168
27 BIC 0.05   25    0.0080   0.0830   0.0460
28 BIC 0.05   30    0.0084   0.8350   0.4886
29 BIC 0.05   35    0.0102  12.2696   5.1100
30 BIC 0.05   40    0.0120 174.0408  83.3990
31 BIC 0.10   20    0.0066   0.0196   0.0162
32 BIC 0.10   25    0.0074   0.0744   0.0454
33 BIC 0.10   30    0.0088   0.9740   0.4706
34 BIC 0.10   35    0.0104   9.8746   4.7766
35 BIC 0.10   40    0.0122 210.0760  93.9680
36 BIC 0.50   20    0.0062   0.0202   0.0168
37 BIC 0.50   25    0.0076   0.0928   0.0440
38 BIC 0.50   30    0.0088   1.0038   0.4738
39 BIC 0.50   35    0.0110  12.7440   5.0672
40 BIC 0.50   40    0.0120 205.7444  83.2676
41 BIC 1.00   20    0.0064   0.0206   0.0172
42 BIC 1.00   25    0.0074   0.0816   0.0464
43 BIC 1.00   30    0.0082   0.9786   0.4736
44 BIC 1.00   35    0.0110  13.0020   4.5676
45 BIC 1.00   40    0.0116 172.9232  63.2828
46 BIC 5.00   20    0.0062   0.0200   0.0164
47 BIC 5.00   25    0.0076   0.0704   0.0324
48 BIC 5.00   30    0.0094   0.5976   0.2122
49 BIC 5.00   35    0.0118   6.9420   2.4674
50 BIC 5.00   40    0.0180 118.0038  30.4042


bm-03:

     SD NVAR TOLERANCE NMIN NMAX LM_SUBSETS LM_SELECT
1  0.05   20       0.0   NA   NA     0.0210    0.0216
2  0.05   20       0.1   NA   NA     0.0064    0.0066
3  0.05   40       0.0   NA   NA     0.3266    0.0122
4  0.05   40       0.1   NA   NA     0.2274    0.0122
5  0.05   60       0.0   NA   NA   217.0276    0.0198
6  0.05   60       0.1   NA   NA   101.5568    0.0196
7  0.05   80       0.0   30   50   413.9822    0.0320
8  0.05   80       0.1   30   50   163.6294    0.0308
9  0.10   20       0.0   NA   NA     0.0070    0.0062
10 0.10   20       0.1   NA   NA     0.0070    0.0070
11 0.10   40       0.0   NA   NA     0.3150    0.0120
12 0.10   40       0.1   NA   NA     0.2204    0.0120
13 0.10   60       0.0   NA   NA   208.7206    0.0202
14 0.10   60       0.1   NA   NA    97.0962    0.0196
15 0.10   80       0.0   30   50   465.8244    0.0314
16 0.10   80       0.1   30   50   185.6650    0.0310
17 0.50   20       0.0   NA   NA     0.0068    0.0066
18 0.50   20       0.1   NA   NA     0.0070    0.0068
19 0.50   40       0.0   NA   NA     0.3358    0.0120
20 0.50   40       0.1   NA   NA     0.2310    0.0120
21 0.50   60       0.0   NA   NA   197.1472    0.0198
22 0.50   60       0.1   NA   NA    93.9360    0.0198
23 0.50   80       0.0   30   50   486.8580    0.0316
24 0.50   80       0.1   30   50   195.2400    0.0314
25 1.00   20       0.0   NA   NA     0.0070    0.0064
26 1.00   20       0.1   NA   NA     0.0068    0.0070
27 1.00   40       0.0   NA   NA     0.2902    0.0120
28 1.00   40       0.1   NA   NA     0.2054    0.0120
29 1.00   60       0.0   NA   NA   228.7098    0.0196
30 1.00   60       0.1   NA   NA   106.0086    0.0194
31 1.00   80       0.0   30   50   374.4522    0.0320
32 1.00   80       0.1   30   50   148.4210    0.0428
33 5.00   20       0.0   NA   NA     0.0072    0.0068
34 5.00   20       0.1   NA   NA     0.0070    0.0068
35 5.00   40       0.0   NA   NA     0.1958    0.0172
36 5.00   40       0.1   NA   NA     0.1460    0.0154
37 5.00   60       0.0   NA   NA    89.2436    0.1948
38 5.00   60       0.1   NA   NA    47.3986    0.1138
39 5.00   80       0.0   30   50   154.8358    8.0556
40 5.00   80       0.1   30   50    58.2458    3.0118


bm-04:

   NVAR  IC NBEST LM_SELECT
1   100 AIC     1    2.1594
2   100 AIC     5    2.3344
3   100 AIC    10    2.4568
4   100 AIC    15    2.5568
5   100 AIC    20    2.6390
6   100 BIC     1    0.0510
7   100 BIC     5    0.0582
8   100 BIC    10    0.0680
9   100 BIC    15    0.0740
10  100 BIC    20    0.0786
11  200 BIC     1   23.9874
12  200 BIC     5   49.6220
13  200 BIC    10   82.1752
14  200 BIC    15  104.8604
15  200 BIC    20  119.0642


bm-05:

   NVAR IC LM_SELECT
1    80  1    0.2926
2    80  2    0.2996
3    80  4    0.0500
4    80  8    0.0330
5    80 16    0.0324
6    80 32    0.0682
7   100  1    4.2230
8   100  2    0.8940
9   100  4    0.0844
10  100  8    0.0482
11  100 16    0.0544
12  100 32    0.3414
13  120  1   14.1782
14  120  2    6.4204
15  120  4    0.5306
16  120  8    0.0854
17  120 16    0.1676
18  120 32    3.9250

